Did not vote,A: Socialdemokratiet,Other - Left,V: Venstre,F: SF - Socialistisk Folkeparti,Other - Right,M: Moderaterne,I: Liberal Alliance,Æ: Danmarksdemokraterne,Other
0.042990512614808615,0.24981778262386237,0.1489903001627897,0.10280600298599796,0.09275907962254402,0.09688867818166048,0.10036158613447291,0.07628827284740629,0.05882332233908239,0.03027446248738352
0.04169935626016259,0.23094526567440235,0.12863261506418447,0.128438139121024,0.10176868267473291,0.10578860928337298,0.09760444430629109,0.07145093952966344,0.06365681723993595,0.03001513084623894
0.039505067762742686,0.23308113830735916,0.13769007176893183,0.11261808279571284,0.1050910264069105,0.10986714729746642,0.10066589332472266,0.0682291864960506,0.06263824110413636,0.030614144735970097
0.045174756166479445,0.2317500043021746,0.14934066602658808,0.12073628969596764,0.12171095338934874,0.08561834627977996,0.0941287109748332,0.06849518368246618,0.05828590283276365,0.02475918664960441
0.04505596195980022,0.238785698219669,0.1337385163967741,0.12705079574123293,0.09443766776573327,0.10265987593114122,0.09715033274380828,0.0669889718352045,0.06414982657958933,0.029982352827055386
0.03986802483406971,0.209141973476243,0.14129912781979434,0.13872400430538723,0.09934124243178911,0.10128694097010167,0.09818913414037034,0.08108470619289565,0.06750379328765832,0.023561052541696235
0.03837999457184025,0.23777715996222795,0.1160287273254953,0.1243682605839581,0.11168012409156385,0.1055168652402838,0.10857845512004848,0.06501404946432476,0.06370230753647162,0.02895405610379311
0.04892438309682433,0.2424927066901673,0.13702911527132156,0.12706140293190246,0.1058345899393012,0.1070222918394958,0.08674102642862296,0.06615943631180302,0.05675894741581459,0.021976100074752782
0.044952458950228764,0.22921328628935972,0.1307966106462506,0.119027184002567,0.11080397590672628,0.09596094379458264,0.10113719080896584,0.07457560290266615,0.06277755798481156,0.030755188713847484
0.04096529851392261,0.2175141778778628,0.15127335385194973,0.1256182661588047,0.10360513712058869,0.11323921043017923,0.07845238350047234,0.07622787630117231,0.06855073261919968,0.024553563625852766
0.03759227807093106,0.21624712280783473,0.12655252844257428,0.13092134396567215,0.10190331809173467,0.1099414869515211,0.10032750452154528,0.07638548628724319,0.06127091334575206,0.03885801751519561
0.03696001378712625,0.23288238285104002,0.130547065043658,0.12654851484916582,0.10259324421802468,0.1087694565176554,0.08480135135691533,0.08103783194495184,0.06945999265882154,0.026400146772649045
0.044953036498063675,0.22234353542295146,0.1433838657626895,0.12037738667330472,0.09303618283514314,0.10693009761380812,0.09487653730591009,0.0774401977827243,0.06599114709689156,0.030668013008518742
0.051155436200639615,0.2073485723229355,0.14474921690745066,0.12485157585834938,0.11152471398014942,0.10326503657628666,0.09293472849579262,0.06689293849859249,0.06848901238276403,0.028788768777043713
0.04249209553490502,0.22106623791194632,0.1273890293355191,0.14318461323976445,0.09365907769273207,0.12039163306308574,0.09750387094517945,0.06889369068049989,0.055814484357792626,0.029605267238581423
0.039161444238305164,0.2456435745133252,0.12194320293592145,0.14557035499832302,0.09001513679657704,0.09784559759565693,0.10223115601591409,0.07603721440990678,0.05155977358561906,0.029992544910458656
0.03912382475697058,0.24086070082937072,0.13444935018258147,0.12574795082194742,0.0970772101046795,0.1112029391160231,0.1014378025472934,0.06100990400340333,0.06599624895269066,0.023094068685047004
0.03745478138099107,0.26164626431728366,0.12250630480823299,0.10741331662502264,0.10645475878071044,0.11985299728430288,0.09175581669358401,0.05277975945754486,0.07423458430096481,0.025901416351367165
0.04141384337451964,0.2362502194807401,0.14627294081982609,0.12564561778301653,0.08677206631289179,0.0958928440198642,0.09847087456295675,0.08450818123207766,0.06250030353717904,0.02227310887693382
0.044424388593626775,0.24317273232048386,0.13379703156114556,0.112324490520021,0.10650299648525358,0.10084019568201323,0.09566066195013742,0.06541552660796303,0.07073819686792336,0.027123779411436427
0.04149836662920161,0.2386822524214602,0.12486057186209797,0.14690501284930724,0.09832128318426456,0.09292652340656611,0.09952674701376706,0.07355307184193889,0.060218012157347754,0.023508158634055185
0.04120037104493234,0.21840672638138509,0.1260631133095646,0.13199871902107174,0.1210143960485383,0.08957580487285954,0.09105137495555884,0.09235160623579072,0.06378536536447547,0.024552522765829827
0.03730258590559369,0.2377274101598104,0.13782048489900445,0.1259824551109345,0.09918122420152063,0.09508265162194379,0.08196401233221953,0.09083111945182025,0.06774484220242798,0.02636321411473139
0.04397469132966869,0.2670483001730994,0.12196685677867246,0.11704669242990043,0.08718550486161715,0.10958297499862417,0.09671118574726913,0.07664358509056411,0.05309780893802796,0.026742399652559118
0.04166743006644768,0.24206452629191055,0.13951758502401573,0.10847740797858131,0.09422161029572039,0.10678248736821895,0.10498877489696043,0.07059551093071836,0.0666241638411522,0.025060503306277
0.051037238353855506,0.2249132676863224,0.12588136853054194,0.11987227374047996,0.10002425310403426,0.1134936884462456,0.09030152730640624,0.0681563245356409,0.0769901096693899,0.029329948627087404
0.043379145491635525,0.23578252579275952,0.13166170445988984,0.12087223038415124,0.1057850292214416,0.10026720378015395,0.09297278738111112,0.08532036136255147,0.05844521306216161,0.025513799064150067
0.04153906339526833,0.2367159537117571,0.16452935082861964,0.12052254297954251,0.10483928310633478,0.09413605063471327,0.08750457838689858,0.06625870806878278,0.058244324394052145,0.025710144494039758
0.043748591346419806,0.233359248039656,0.1400084168558152,0.13731211345453134,0.10702162410842786,0.07530243587959255,0.0928356884383285,0.07313818109768581,0.06843257915784258,0.028841121621707502
0.04585953884885923,0.2249881110343305,0.13827773582583866,0.13257446418525246,0.09522566590880277,0.12475073160162722,0.08712594804699031,0.06707082829648024,0.06273858622150177,0.02138839003032139
0.043262025910460244,0.2486117538974624,0.13507475145819345,0.11143583566498297,0.11754653599492378,0.09665510871114477,0.08468798185144462,0.06534462720728598,0.0707961273751124,0.026585251928995406
0.044620083323779924,0.2456696072915444,0.13555331870988158,0.12079765285543663,0.09993811951196374,0.08441373614763141,0.10389352766501044,0.07417508528152861,0.06718423075849089,0.02375463845473908
0.048875914237284206,0.22472183228648052,0.12602811839278127,0.1391864349377101,0.09769635224459718,0.11163911944648004,0.07813363914384708,0.082301268425484575,0.06100680404387543,0.030410516841466003
0.047990404641618835,0.2432905478080221,0.13188792884850847,0.129103106362536,0.09905685810115251,0.09648361216558828,0.1108512716741551,0.0541899496184707,0.06313904108549165,0.024007279694462126
0.04380904943136705,0.2178157823368392,0.14627600019565493,0.1233070772138306,0.09843485384274024,0.107671787047741,0.09734987795883,0.06794598805259423,0.07226805454516916,0.025121529375240773
0.04220537117161067,0.23394132864372624,0.14104884520210417,0.12849351834227732,0.10214944684712925,0.08873663234594978,0.10983936577809704,0.06394083527946248,0.06265326833451232,0.026991388055137754
0.04459315172803785,0.2143226972573427,0.13817225732772956,0.12067108557199416,0.09679078518436546,0.11974330998209826,0.09851759683145067,0.07333992722595042,0.06208649819761849,0.03176269069341694
0.04249307254098106,0.24004110886346589,0.12334589907975849,0.13605373329780726,0.1082292906738955,0.10650358379592607,0.09351629188418209,0.05218505248997459,0.06814353223875108,0.02948843513526544
0.041852834204338656,0.24292639663574034,0.14926486063994715,0.105899301741047,0.1103605878274529,0.09234820723525562,0.08564181306911399,0.07086179620436807,0.06999457287414364,0.03084962956859765
0.038415614299407444,0.23442063480627923,0.14942381206376962,0.12403188971099068,0.11583114706458834,0.09239956803134569,0.08650819035082309,0.06859662074340296,0.056400007366439124,0.03397251556295999
0.043468389255458185,0.24990030270384753,0.13258681115217086,0.12222941780893298,0.08119161865623524,0.09913385177755414,0.0893595357720733,0.07487658309245328,0.07818569301443046,0.029067796766850222
0.04423710527024754,0.24141491539478144,0.13371642518108343,0.11930242750978909,0.1012925233170267,0.0973891640939016,0.08659641506480217,0.0759667934271658,0.07694941109292666,0.02313481964828092
0.03829877890258136,0.22568688725335256,0.12837274511981978,0.1491303867587144,0.0938869245424504,0.08979068664571348,0.1046476615063625,0.07282017947438148,0.0677364302843349,0.02962931951229463
0.03989446381366988,0.24651694364733193,0.11994964900553966,0.12644291776759464,0.10800222076238546,0.0924505248182347,0.09349152212217994,0.0770054763278315,0.07357608787373546,0.02267019386149873
0.04410530309927915,0.2124562368792972,0.12966719513738548,0.13142924606308728,0.09740771229402553,0.09254691375703607,0.10583022834446591,0.07558838283493267,0.08436250384219911,0.026606277748298813
0.047904964663846986,0.2217734074532617,0.12417983113228005,0.1294195787898763,0.112966197190503,0.101953017384364,0.10510492114554483,0.0744840989319584,0.059216142976787726,0.02299784033158385
0.040820707760954866,0.25257719277830887,0.11912831200817114,0.1119748204682818,0.11352031062774608,0.09016709163240899,0.09904296568863516,0.07320843408590354,0.07326616631779681,0.02629399863179664
0.04225552198849255,0.24530042244473182,0.1264767248767738,0.14038147016238264,0.10154018130365747,0.09614500022503,0.09783039765368821,0.05717723074086564,0.06436844851942565,0.028524602084959244
0.0470460716466941,0.22225843354964162,0.13811604723004622,0.13952079097324505,0.08842172413863968,0.09866287743249809,0.096062481156263,0.08195481468662924,0.06491324205827165,0.023043517128076594
0.040408704614273594,0.23303284526907977,0.1365408174745697,0.12164396791548959,0.10541450803878318,0.1021525122287315,0.10281420014698288,0.07450323717465539,0.06141900586713705,0.02207020127030161
0.04558233455984578,0.2320053188439932,0.13491763233141807,0.11083133574685622,0.10327127254561218,0.08544126578444264,0.11729625964380327,0.07954891248557981,0.06495917413183565,0.026146493926619784
0.041920073907279136,0.24252289968243035,0.13873757857735325,0.11236274305284838,0.108859067829715,0.09085125327292133,0.10318585237504203,0.06876204704719364,0.06767661876428532,0.0251218654909353
0.036836526654499595,0.2255687743956457,0.14543157050233535,0.12165239427011684,0.09808229255501584,0.10628226577247485,0.11039768022335804,0.06592468319812811,0.06135206849796917,0.02847174393046125
0.04435504581637758,0.23447938435112334,0.13539806030357168,0.13771726835384362,0.10357824684616435,0.1013264869779069,0.08843953330813793,0.06563104196268929,0.06162722973132841,0.027447702348865333
0.04603132081526873,0.24787544629315222,0.1347771293631314,0.11372448294112694,0.10348896298603043,0.09165115641465624,0.10502726574446282,0.0709275201386822,0.06139466559387183,0.025102049709622768
0.04274552716202446,0.24483801380537748,0.1277350467611966,0.1344680589751072,0.11089588649895636,0.09680889819608472,0.07614429574160524,0.0679538615098551,0.07160919975096816,0.026801211598829297
0.04202240584113044,0.21432694444971037,0.12220922343438922,0.13450003651189446,0.1136298220883311,0.09880217275437006,0.11802377457499041,0.07022845166967165,0.0581754378073677,0.02808173086814956
0.03654787126126999,0.24921724115627863,0.11932827829571414,0.1297927657497128,0.09443060655863696,0.10908181360778717,0.09962692429127148,0.06894889739767021,0.05850109346697727,0.03452450821468783
0.04278215248247645,0.24865238336806134,0.12972669344109528,0.12897707179580653,0.10561342166540895,0.100472229294676,0.09137442802819623,0.05883846282053513,0.06284958305052138,0.030713574053225192
0.04278708415807426,0.2522155606855834,0.13531683991218219,0.12460730903999924,0.08953755683183183,0.08711947457489318,0.09641254778332953,0.08346775770888408,0.06283764505186026,0.025698224253364838
0.04616537357354121,0.22534978641484038,0.13351733339063052,0.15148533594492364,0.1004360263519219,0.1024636246496333,0.09692815543201817,0.06584257298874138,0.05883913863571017,0.018972652618048248
0.040602737411942966,0.2297295868225909,0.14275138305463456,0.14031098304818335,0.10254122784266552,0.09342777147135747,0.09553797647836629,0.06407132879498229,0.061473985077541156,0.02955301999774168
0.041411072820962465,0.23495019692070354,0.13746993129699547,0.131965581477144,0.1053260067938775,0.10624588556900387,0.09279556414056,0.06898728411047284,0.05335873058526956,0.02748974628501748
0.043182776394765324,0.21210805313321798,0.13082451586168986,0.14410987259424282,0.10084060649596291,0.10103449794077171,0.10160245284458694,0.07089894033646435,0.06873575859256874,0.026662525805735048
0.038964088496434075,0.24421718164339912,0.13537043493502723,0.12552835198288662,0.10413203761511526,0.09354320665374219,0.09900452032038756,0.07035586367299926,0.0602606090951464,0.028623705584869603
0.04392407422020963,0.2308945686008566,0.1390911355405572,0.1412954750562399,0.11298696394147661,0.08687735897475925,0.08393585199773018,0.07093539645130702,0.0649975159822573,0.025061659234610293
0.049863724943915784,0.23309816149703483,0.13454561015977343,0.13741561664387894,0.10551143272521772,0.09324541446763226,0.08296357145523871,0.07587837836195797,0.06589120254431044,0.021586887201046116
0.042362618197779825,0.22019637076563003,0.14162285270669955,0.1333172955127137,0.09707957977192673,0.09306386965403486,0.10310050966547014,0.07323693831712584,0.06817351162350023,0.027846453785126055
0.04543927480370572,0.21180327130868515,0.13112232862908457,0.1279080275543543,0.10127252186921358,0.12879502404252474,0.08975612741925301,0.07295191518910632,0.06306622192318524,0.027885287260893368
0.042347967444354505,0.23294615602971686,0.1331490518771581,0.11082929493143806,0.11166291307007606,0.10852135094324657,0.09181521250634452,0.06881617924537003,0.07383385990204494,0.02607801405025781
0.047001338124181384,0.22638470893764143,0.15145279613226958,0.11809167697898615,0.09541465774616531,0.1019959667421375,0.10141646756295114,0.07056139045368938,0.06376370578677824,0.023917291535206733
0.0467583154664397,0.21972921483129965,0.13343792557521736,0.13776771454226489,0.11153461638430708,0.09759193273105912,0.09197091730641932,0.06733133208499806,0.06518405951335483,0.028693971564645784
0.041908097886011866,0.23516687938249028,0.13480737320733518,0.13915446245774482,0.10037501456803523,0.0949471340985701,0.09104515652379674,0.0703615426147764,0.06377902547589434,0.02845531378535331
0.038661283641064824,0.2467976669228005,0.14403007465937637,0.12330436916345026,0.09513205399553173,0.10072890253149513,0.09604357425187483,0.06517151935000924,0.05893251271397652,0.031198042770426343
0.046094182462,0.24018945158488,0.14604989567680904,0.13696415804589698,0.08132995632723126,0.11054830515067202,0.08964589120344571,0.06373544665446755,0.061366085946285946,0.024076626948319475
0.04155472393634521,0.24223115316906127,0.13744897909750736,0.11873148004838546,0.10874393664041342,0.10117623010077925,0.09166266522278514,0.06891685150183043,0.06252783003736515,0.027006150245533347
0.04399624977437364,0.24868855389517308,0.12353419215766634,0.1286004936365424,0.09541191915400808,0.08916939784294395,0.10219717290381355,0.07283387450976442,0.06878260906961992,0.026785537056100893
0.04136017337012895,0.23650289369611593,0.13189630207854167,0.12431911732233882,0.09162837218452669,0.0971815466594468,0.11326090641199292,0.06928490395902095,0.06285193673514597,0.03171384758274531
0.046658884281275195,0.2406513432687294,0.11769619039965183,0.12261257523813104,0.10156858299219197,0.10569931874132349,0.10545579830220425,0.07458152344743577,0.05780342635119351,0.027272356977868884
0.03493176567356871,0.22317971577057413,0.14079027272213343,0.11469304818233278,0.10675709070204216,0.09920526965799277,0.10533785834011972,0.07753418601160153,0.07096029397315048,0.02661049896648915
0.04384630051016155,0.2270445138010872,0.13525946596871408,0.12213010466131086,0.11237007926888178,0.10273302728442463,0.10561554151098788,0.06990287463643312,0.05909969237702462,0.021998399980979598
0.042847572933957266,0.23928618609051006,0.13038311968562863,0.11117262369401962,0.10576521901558697,0.09693173970562417,0.10044530038358658,0.069903372642243,0.07796987137331736,0.025294994475529933
0.03695165710859177,0.23170122971320464,0.13237258553856343,0.1231699521435961,0.09906790643474984,0.10706264823206114,0.0960549473959126,0.07512808364054668,0.06392468795335474,0.03456630183942534
0.039101446540326816,0.23458825353009544,0.13734917731665547,0.13131339789149313,0.10254879894971382,0.0865759153001406,0.10659927954627996,0.07574707763942429,0.06144900033218227,0.024727652953695434
0.045665204637734144,0.22091138725162696,0.12604832743710553,0.12277181053169099,0.11090025019438296,0.10115494491582575,0.1137394199295478,0.06718412829364709,0.06085640181067575,0.030768124997768913
0.040415494585496405,0.22946835550328223,0.13630059153177373,0.13800785054292042,0.09236151204734343,0.11101492913877362,0.09038048465706768,0.06980762218587684,0.06571242890624295,0.02653073090122652
0.04395782609448438,0.2377674324002098,0.13286305958730243,0.1250042038216282,0.09044355114019485,0.08872339424546792,0.10614313504154743,0.0723682813352011,0.07107259807025364,0.03165651826371508
0.0478844336382202,0.23472870198781545,0.14272181599441802,0.11508402920529842,0.10300101302300177,0.11055203033996046,0.09702418964278803,0.06821301949382695,0.060453169801207865,0.020337596873470174
0.04083858733018752,0.21967052527740474,0.13101391134291782,0.12547187814800598,0.10548004417443253,0.13181765031308182,0.08870019388129094,0.0713652881292711,0.06303643410971038,0.022605487293704866
0.04236103207214639,0.25430543940633765,0.13918889869374998,0.11493337348792909,0.10462185767202445,0.10293991853244916,0.0891168998511898,0.06326566220657719,0.06399037365543367,0.025276544422170016
0.045081595564185756,0.2374592885673736,0.13587357633544633,0.1141778166680487,0.11154217670760422,0.1038133822610691,0.08080589025467765,0.07574712944662927,0.06319453021437037,0.03230461398060202
0.042844416521901324,0.23557033382538695,0.1220848843918168,0.12380561716375839,0.08837103114074933,0.10199594688044761,0.1168386585030112,0.06479465303739335,0.06888119875593714,0.034813259779601785
0.043351530131196275,0.21067163331839758,0.15024736704422262,0.13714178794905676,0.11791374546374304,0.07521962101012616,0.08650374079901832,0.08194302126592813,0.07219532867734339,0.02481222434097515
0.041492897090708754,0.2280223395032611,0.13553844290960723,0.13039133578847686,0.09407117607441987,0.09764875757034841,0.09476909601781931,0.08463043312037005,0.06659911386797782,0.02683640805701647
0.04162847349497834,0.2344237168539077,0.13633297471593295,0.12695724257960167,0.09439086930759459,0.09360230005069528,0.1028476442019032,0.07221897396243442,0.07220703101252121,0.025390773820436027
0.04438927617548655,0.2421817562429951,0.15241329836609033,0.11983055944869436,0.08339272803361925,0.1073915128956265,0.0738325373495945,0.07919171646457358,0.07265124492227959,0.02472537010104529
0.042759467673638196,0.2391902859900721,0.13048009872981672,0.13398606685734896,0.09527198704513522,0.1009574917205628,0.09890770248707692,0.061236372651212526,0.06827416602353868,0.028936360821605448
0.04468438424114206,0.24219813812146956,0.14571849087307115,0.1324369191334171,0.1018637331228227,0.09579811387079093,0.07680517051724571,0.07970100010413358,0.05923418210736796,0.02155986790854615
0.04470268576489178,0.21439299030292652,0.14536108335480466,0.13700416284117997,0.09988433438231763,0.10603686620591495,0.09296079413764594,0.06318108806870716,0.06936309689732112,0.027112898044295616
0.04169095349977593,0.260798524362598,0.12998559779448585,0.1117134223906782,0.12496013221815937,0.10337395559460681,0.083919717608404,0.06093970691670071,0.06062811149256857,0.021989878122031375
0.04192854187174176,0.23490731363442258,0.13028381286774487,0.1330861695487779,0.09623091786989113,0.1104467513929117,0.08784320772401072,0.06100952682292223,0.07745290512518306,0.02681085314239828
0.045304179585879525,0.2531438924090484,0.12611506354043078,0.13157520618537413,0.0948265865967256,0.09344663879144258,0.09124376958597531,0.07969481721049039,0.05807062196336366,0.026579224131277317
0.051993206235854385,0.24491536468436756,0.11170982246320241,0.12260116743030092,0.11774467371903563,0.10396304134782615,0.09247673941448922,0.07462892109571248,0.05487818564728994,0.02508887796192673
0.04219460632610333,0.23141770496315148,0.14224654598117203,0.1417061485927004,0.0860990745128993,0.08795891470472944,0.10197064753650414,0.07763885232623602,0.06517889412346124,0.023588610933049047
0.04301779816200514,0.2353386356511439,0.14706679255640767,0.1285058663131426,0.09183110086129417,0.09506174739711921,0.09880521849340014,0.08843036430921222,0.050229866024913826,0.021712610231363682
0.04857472655688408,0.2377745363827947,0.13644598640204678,0.12374770824648598,0.11135036447854074,0.09604830854383857,0.0802051245816116,0.07622077477692585,0.06381322815820076,0.025819241872676417
0.04172179172551497,0.23272327586495292,0.1469079924828828,0.12328720741660118,0.09941351512096608,0.09063472153087623,0.10342198910917476,0.07103234654632008,0.06895946808771412,0.02189769211500256
0.046207288464185904,0.21805855127230447,0.13403740500909891,0.11861619399933315,0.11041359979638495,0.09567263677023126,0.1058258882329348,0.07155569317748962,0.07539223544026478,0.024220507837778283
0.046380913821009694,0.22072438343864922,0.12284265111895959,0.12629737549664005,0.14166518827702795,0.09509194188764379,0.09662783258849916,0.06356566460713686,0.06271075956902486,0.02409328919541583
0.03943049358240689,0.2368203537783941,0.11801254142061168,0.12823470668048315,0.1083979647788836,0.09501005214423634,0.0968830218849268,0.07150453828501553,0.07713782997027786,0.028568497474767855
0.04284860374896612,0.21895568760002795,0.1386899826733591,0.11854520949067043,0.09553130243919399,0.10413914894383655,0.10502518074557786,0.07942319232334079,0.06977691302293773,0.027064779012098306
0.048117460678651615,0.23777525925176332,0.12177097349665053,0.12565939796323172,0.11223025424796307,0.10438581712765517,0.08555430249965311,0.07192675951780163,0.07184730873972688,0.020732466476909826
0.04077726680460691,0.2364006021301289,0.14907494796289167,0.1256601962924189,0.09851219698945494,0.09572654991109655,0.10050336108690162,0.0653761799906873,0.06410134053445486,0.023867358297365797
0.04587911800678678,0.2203477887458122,0.14197510698225446,0.12266367589399331,0.1087602939618741,0.10314517694670557,0.09012810328598295,0.06757395775540462,0.07255077125271239,0.026976007168476947
0.04122795055158468,0.2490527463432618,0.12397668898660566,0.11839751356918564,0.10132933953904308,0.10167885565879062,0.1094690279630847,0.07043310085524018,0.05144780093696536,0.03298697559624413
0.0425743526026388,0.2238890909597746,0.13514012193730002,0.12901377311870976,0.09364380394042543,0.10967030008250436,0.10708379946562167,0.07409820594616771,0.06427067206030711,0.020615879886556644
0.043959498181053054,0.24064088684006474,0.12447793906795378,0.12513332810870656,0.08900409796974773,0.09414034700586005,0.11431637109510986,0.0741052531267552,0.06721975076101334,0.027002527843740413
0.040188217297445136,0.2284296939239977,0.1277752311042102,0.1363716014227694,0.10073881904638418,0.10680064920809615,0.09690091818852697,0.06700582756828172,0.05925750668068398,0.03653153555961281
0.04164243550792415,0.271111111622367,0.13114735485795398,0.12876807217619587,0.10188229067554351,0.08578809963893438,0.08795271080513407,0.0593652512782968,0.0652617386514439,0.02708093478621352
0.040767352692532455,0.23228122759887804,0.15041233963579545,0.1108106630677106,0.11482776020455668,0.10587287340365925,0.0862079705237664,0.07571507122030545,0.05567083379589153,0.027433907856910893
0.04430350393451001,0.23410740276720632,0.12108147968139661,0.1234794556806153,0.11812291082396226,0.09202458625407452,0.10615482685065582,0.07211793840387143,0.05891661897248814,0.029691276631226764
0.04422938398629744,0.2101879585709849,0.15720092077301484,0.11592055058509018,0.11355653095128536,0.1099571490500047,0.08902651215093073,0.06110975695475289,0.06744875324775802,0.031362483729885066
0.03827293592052959,0.2241057251402084,0.14561253044046776,0.10689608711810486,0.09853757936672237,0.10002813270673751,0.09393853629443433,0.07208155136407501,0.09283731161072861,0.0276896100379955
0.04345722678333351,0.21880430379488153,0.1267076962290935,0.14679016113376964,0.1017841739679228,0.09212855757343316,0.09757347898598767,0.08034705128240095,0.06802528196404682,0.024382068285134395
0.039432200749608584,0.27978431945128013,0.13346704773997528,0.13032767305355203,0.11047753379729147,0.08916872255341939,0.08983564107491637,0.057825785522656485,0.04769974937171948,0.021981326685588158
0.04387131375401156,0.24435371098906006,0.14285807807647413,0.1091738930715895,0.09797690228339691,0.08394700321316795,0.10305639338868124,0.08216733626109966,0.06580469364226679,0.026790675320257487
0.042526857224878034,0.22669281780847336,0.1433330513512748,0.10665194921222164,0.11178214958383353,0.09543512278752699,0.09700135053175846,0.08397567876410172,0.0702402226387638,0.022360800097172968
0.04530377693701396,0.2569935162919489,0.12540303118942428,0.11754817136257158,0.09874933959568556,0.10970460318569918,0.09024475519251703,0.07412540148167752,0.06010102440432909,0.021826380359135807
0.043319705165598577,0.221704801666478,0.1328636083671415,0.1216608821946142,0.09945064815254491,0.10138671649761279,0.10148510127037334,0.07702918119067373,0.07230125411110482,0.02879810138386355
0.04233707623019544,0.22407158410304406,0.13390868109015194,0.13025680996886424,0.09916027893550101,0.11123527888182529,0.09885671880230605,0.06633642665080174,0.06705216177614247,0.02678498356117286
0.04363390773054396,0.2361626608316049,0.14541093764984347,0.11652047181600253,0.10595027665222483,0.10519383004689832,0.09476081498401812,0.06710556390000215,0.0595800650113684,0.025681471377497406
0.040157537601485244,0.24718254976144724,0.12592847258073017,0.11268534028749985,0.10877776752536616,0.09881656251682021,0.09377362388361177,0.07511214421604338,0.07372223949791137,0.023843762129091006
0.0449061366968537,0.21897058894079566,0.14458502385544086,0.11406011739324186,0.1160773414252932,0.09460711224198662,0.09445342945157688,0.07133129352128711,0.0713410976882921,0.029667858785238217
0.045226136974524954,0.22303537171344148,0.1520837221306097,0.1357062821581754,0.09266545385861129,0.10400207338779803,0.09104005224017406,0.06549298365506669,0.06899214554367855,0.021755778337925302
0.047037640348971066,0.20902793355260654,0.14402512682069862,0.13284933995673318,0.10449207588124512,0.09798572887393626,0.100181008070131,0.06676990627643557,0.06945791874479969,0.028173321474447306
0.04131948352056147,0.2655969973296923,0.12629259137164936,0.12021888844177026,0.09623263647809778,0.0955201336101287,0.09033560010828227,0.06748582664014735,0.07559760511417943,0.0214002373854991
0.04430298082009982,0.24326050173601346,0.13727875543741175,0.13313553472989018,0.08863458513765671,0.08972760255016031,0.10213809252659288,0.07448865297698844,0.061160827445611146,0.025872466639584563
0.04934549764917567,0.24765211665105247,0.12857508225835232,0.11438395337704843,0.09946672821511798,0.0850353277244903,0.10040655631527431,0.08717218548920376,0.06283601166470577,0.025126540655584756
0.0415817584979156,0.22372363052584024,0.1408876473079158,0.12330413023151654,0.11026954583962571,0.10180016626139891,0.09868795742394436,0.06916087385555637,0.06293838252131675,0.02764590753497369
0.04284617163446622,0.2230659611656706,0.12645685330747497,0.12095585820694153,0.1191381011160818,0.09747256770690958,0.10867153899528204,0.0660467363954793,0.06884126746112815,0.026504944010572077
0.03899957674263565,0.2184147937042299,0.12997705081425756,0.12783250013246214,0.1101397600030043,0.11244563005968668,0.10468136659807366,0.062039915374956726,0.07144618007497167,0.02402322649572789
0.04394778096219787,0.22501859359163506,0.13528150815978307,0.12967638593374,0.10744342590557332,0.09025248803266657,0.08424947040404675,0.08052541954556944,0.07101022263406485,0.03259470483072844
0.04387127405718418,0.2440361415884917,0.1218858165818925,0.12908423949651868,0.09654907461227545,0.10349572152454511,0.08087457616403594,0.07697881321602187,0.06660298904241954,0.036621353716619044
0.03688652400573164,0.2296020885850009,0.14758991906641583,0.12278652995696554,0.09286975455145824,0.09965313951911221,0.11507528148404673,0.06181020809808493,0.06947740381535135,0.02424915091783996
0.043179484124278585,0.20358622831383635,0.13665157534751532,0.13657301436727065,0.09665033823188651,0.1089551063267766,0.11125430565788058,0.07653868494207258,0.0571018921960986,0.029509370492389546
0.04074836531492223,0.2197050848181792,0.1311621205944126,0.1180406322192482,0.09467007674170898,0.11425391966310473,0.10164898528862247,0.07778903719742339,0.07823713344930222,0.023744644713083348
0.04108446283149622,0.24910736907146278,0.13669531249275843,0.12030325418140707,0.0948800541114034,0.10645285647948877,0.09208469778031905,0.06857964261358909,0.06349053005564681,0.027321820382433186
0.047674095491060754,0.2745374435002698,0.13251327544409292,0.10940544769391007,0.11474828480014584,0.08590090297349665,0.07559175346657773,0.06839876647565993,0.06166605304373366,0.029563977111055868
0.04476433626772411,0.22949961036297234,0.13528474940788715,0.11339457230442077,0.11461420162837173,0.09544074935902724,0.10461910201686024,0.07537669339986429,0.06279247837525105,0.024213506877629295
0.046873775280520606,0.21363432786995298,0.12098797335147973,0.12738406069170974,0.10472571549449501,0.11258732266968609,0.1231732104444106,0.05641053874710092,0.06838348299017838,0.025839592460470587
0.04121924605942045,0.23862426864070954,0.14320887150302158,0.14095829049639783,0.0987730790886529,0.09118158991810026,0.08925647954416532,0.06861103984581766,0.0640609488494882,0.024106186054231198
0.04528907721529802,0.21672447710127857,0.12230432448657431,0.11750713485179996,0.1081137863739132,0.107844982954952,0.11878035138518417,0.06323014875656725,0.07446728158345885,0.025738435290980587
0.04186188119490312,0.2445223671235819,0.14523360461107368,0.09675418685954099,0.10783095915562732,0.09619339156785074,0.11350664692634996,0.06424175733066592,0.06553431429911047,0.024320890931300822
0.04646995966748709,0.2235913587102838,0.1287298830788636,0.11984054467120407,0.0978087507509352,0.1170584841627589,0.09678332130758467,0.07336609351735915,0.07110003236492224,0.025251571768608448
0.0398094942299445,0.23884343451326043,0.12629803087168878,0.11589874186572877,0.1032512044439255,0.1019413875538428,0.10894107702992469,0.08373861483424468,0.05372904091453926,0.027548973742905946
0.041815501820161645,0.2260606022593814,0.1465015692354053,0.1217979374282335,0.10484340457660514,0.09449616204783919,0.09532498558664812,0.0765098378418393,0.05978486541266589,0.03286513379122663
0.04225589613734717,0.2264239330923887,0.11658219692629256,0.13085414989953895,0.11064936128735409,0.09678628269903836,0.1114273827511033,0.07044988733756631,0.0639404386318606,0.030630471237513637
0.040311721594396784,0.23628562059021538,0.13444804634240892,0.12599062324003102,0.09595150289641631,0.10667782539017685,0.10110306072480373,0.07311781287841511,0.0605730606248158,0.025540725718324827
0.04497345992445726,0.22100786148105991,0.14430375763309083,0.13854306157906252,0.09386911419817329,0.10356932307447994,0.09241720107383636,0.05997110371318404,0.06728027799379985,0.03406483932886297
0.03848590739329795,0.2333932679619426,0.13130621920928567,0.14435747134419785,0.0974838598923218,0.0973669560777672,0.08984161181997698,0.07049018086380612,0.06478797900926005,0.03248654642815328
0.04023974702303555,0.26095773692343266,0.14521259121365185,0.12369962862684888,0.089466837925032,0.08579440636962445,0.0954736576403004,0.07201969752222677,0.06223068929313679,0.02490500746271648
0.04325200483302809,0.2504309728931663,0.14175851159779215,0.11673923524403672,0.09831654365951198,0.08747854163871413,0.09892225000749877,0.07907169471703637,0.05917986596443405,0.02485037944478808
0.04229471969020325,0.25574598030072837,0.12477711226063522,0.12348355794664183,0.08725761339255035,0.10058376853938386,0.10307484041645766,0.08513649718617264,0.05219151296382031,0.025454397303409357
0.04379909244282763,0.2337831830671071,0.14459866389272796,0.11891352575461779,0.10089035130804606,0.10103333215960028,0.07976170696544622,0.08380758437871612,0.06734833797063114,0.026064222060285042
0.04342941635610835,0.21634741882254474,0.12752892286855758,0.11124464572017609,0.11679916640389512,0.09845434396127994,0.12346477442274433,0.06874165459903865,0.06644395730389802,0.027545699541764935
0.040744322010082906,0.2501092597266998,0.14317316881807532,0.12428561360713385,0.09059437182160719,0.11647257302263142,0.09219868212134004,0.06611434363041964,0.05032428779389788,0.025983377448116844
0.04067469775567429,0.23953483971783102,0.14183949106936802,0.11659092649527618,0.10655470839724374,0.098488274533222675,0.09379155893004512,0.07837490828808552,0.058933573933975414,0.02521702087928658
0.0414099715312582,0.2459572261191788,0.13421151006013116,0.1189888828055592,0.08623998687786746,0.10196444663991529,0.10714281620306852,0.06879455816234885,0.06474080424347106,0.030549797357208096
0.042820929556076553,0.22496198982204074,0.136985585566444,0.11938543501071396,0.09376247418161708,0.10645627773751808,0.10000087961202662,0.07524581223312793,0.07369972822025911,0.026680888060179903
0.03978836250567642,0.2324152601270568,0.1419314541628439,0.12507619454274055,0.09329629565045278,0.09636483381600017,0.10162167900387557,0.07240398783267817,0.06645594789742822,0.030645984461253124
0.045556316834646594,0.2381381101249835,0.1338634823981886,0.1261475894465276,0.09400015474557066,0.10332501938828716,0.1000471284885876,0.06775399489485982,0.06181932025054223,0.02934888342781014
0.04887061187461596,0.24551602015040372,0.11787953139602673,0.12978764251623937,0.10942013951742435,0.10497736618593116,0.08076625934403553,0.08377091470312761,0.05523423174460899,0.02377728256759076
0.04577177416288726,0.22725839089380834,0.13355069241569095,0.131762087239013,0.09220556862737744,0.10156609745387524,0.10142825556092648,0.06687265863965335,0.07217787045967992,0.027406604547094374
0.04924347802756798,0.2303984999825302,0.1357012747002799,0.13683040660539025,0.10258991794050847,0.08916525731977441,0.08922438053077957,0.07383059815700897,0.06340447486476196,0.029611711871405145
0.0421578957912493,0.2468709694541503,0.1339047415155848,0.10653278870724574,0.09823382023921945,0.09327452052097795,0.09331721747625439,0.09402326262428982,0.0593286801409596,0.0323561035300732
0.041352629196163275,0.23614298909948375,0.13519975949332497,0.12345051754715432,0.10844348041803274,0.10801496838871545,0.0983098645595415,0.05384234005304666,0.06834366797167733,0.026899783272864995
0.03896253779224297,0.23685339168225822,0.1282482997636091,0.12370499755263091,0.11466736441348781,0.0981886340769298,0.08575257928430552,0.07259412074164723,0.07773306155692974,0.023295013135963775
0.03959021998888311,0.21581912813636647,0.13034273237854363,0.1443412418625729,0.11999045745368474,0.10221450821136738,0.09653878320078635,0.06607161296970296,0.0598221343787091,0.025269181419390944
0.03779123185906875,0.24597681380017067,0.16111789693118814,0.1073544410711936,0.08700604696714233,0.09672502179266222,0.09472992857151528,0.07464748164468256,0.06906781554388475,0.025583321818494445
0.041346277590760094,0.2179438284640402,0.12900149524269297,0.11832298935324422,0.10324723234341063,0.09953636813813953,0.108917258104427,0.07394587776555692,0.07529614591283076,0.03244252708490183
0.047299743768449296,0.22103843205361917,0.12916613349907533,0.1369007086037109,0.11410642260839961,0.10386335006963555,0.09246640506978157,0.05935367092265954,0.06717900539902491,0.02862612800565081
0.041196098051151396,0.22562771703548037,0.12024246951811492,0.13293204807008394,0.09714491005535256,0.10532576810707858,0.10574609628902785,0.07651780678795932,0.07184735898230685,0.02341972710344989
0.04388909244893201,0.23525615766464353,0.11535243794598053,0.12127345807203416,0.11474417682096988,0.09468773774708364,0.11679856333390841,0.06299568778885024,0.06490961316146208,0.030093075016138674
0.04404589429704777,0.24655064744379965,0.1273298917490049,0.12384486919748725,0.11541681115786284,0.09690815721630916,0.08378446727143378,0.07768892119881687,0.06099763838015698,0.023432702088085445
0.045390192869098095,0.22216837445368715,0.14314098865121042,0.12293352186686084,0.11221486852987322,0.09078755824184777,0.1020970602191197,0.07077791671808893,0.06690119903131896,0.02358831941890041
0.03936116412534351,0.22296145654702124,0.1403756006737446,0.13278621821883976,0.08605549944076957,0.09607610007346531,0.11521241492576277,0.07059782665238468,0.06560657463654206,0.030967144706134195
0.04328645515930084,0.21380321950396447,0.13615074106886957,0.13282088211637497,0.10151608631207762,0.09389439855673869,0.10823779340510477,0.066710939094731,0.07043699102595181,0.033142493756888804
0.04204162307065563,0.2279192594486397,0.12649969723291665,0.11780845909107565,0.12162260525170268,0.09949213060029231,0.1116991403401574,0.0758035193682294,0.0558887327986631,0.02122483279767511
0.043716802621138286,0.23849266450708564,0.1430303904603379,0.12361006867739606,0.11717310646601045,0.0937027880592124,0.09948227105380199,0.06259994758971194,0.05725271099911241,0.020939249566195316
0.04674239675276341,0.23135375007491218,0.12989767146855277,0.1212606447978591,0.11027417345704457,0.10228055670311771,0.08647852125595427,0.07746747757011102,0.06435000988224839,0.029894798037441307
0.03852594009064153,0.2212173998058468,0.1306846171555833,0.13418702366673285,0.10040015876368603,0.11778817640240843,0.10398897212598714,0.06537106552595788,0.06196116720727231,0.025875479255887644
0.0429862132682026,0.2426505310183923,0.13162144304319548,0.12271451944484936,0.09043704021185381,0.09784109918446225,0.11092981011132115,0.07564149208011399,0.05953542903672965,0.02564242260088791
0.04358803820328395,0.20859692487851728,0.128476515371968,0.1354588872752839,0.12457664754632043,0.09079002298006823,0.10751676340814567,0.07192568699221914,0.06382933794124215,0.02524117540295894
0.044872021323262075,0.23314613816052937,0.13624268220507205,0.132319087646967,0.09705567185781837,0.08917632802516648,0.09604994924840182,0.0706706375553129,0.07370780541820483,0.026759678559272332
0.04413659201936933,0.2293987498057038,0.1286569779736245,0.10642684734711762,0.1098861802463364,0.10576049138252361,0.10236804336701238,0.0707633715977007,0.07650999946001706,0.02609274680059912
0.03994495216953589,0.24914158443816492,0.13563119771312923,0.12779132026313034,0.08900083243159174,0.10839505052500616,0.09621198267930003,0.05931126966050378,0.06536721314592647,0.02920459697371438
0.04571415176930015,0.1967147880742705,0.14352269309930119,0.14033619689588955,0.1087908930939506,0.11390707111745887,0.07281972284630764,0.07897708339110168,0.07687979624064724,0.02233760347178001
0.04173061678871131,0.2509318816467218,0.1333272013743224,0.1029744193279581,0.10799614613945936,0.10004421851257693,0.10575836712282276,0.0761547053405259,0.05552523971845929,0.025557204028447078
0.04266236508811616,0.223138928631975,0.14929253818565777,0.10741567696072671,0.10104847867287534,0.09680786796636712,0.11065050533706827,0.07207273250701322,0.06079670988819689,0.03611419676200815
