Did not vote,A: Socialdemokratiet,Other - Left,V: Venstre,F: SF - Socialistisk Folkeparti,Other - Right,M: Moderaterne,I: Liberal Alliance,Æ: Danmarksdemokraterne,Other
0.052736553515323734,0.2500777236159456,0.12170113832528501,0.13857118967124013,0.09517934802275949,0.0966992383014693,0.0987796366443798,0.0690498686214803,0.05722077047145185,0.01998453281066793
0.04251239360665382,0.2456390634854561,0.14648416686552826,0.12371044317833982,0.1027398563617893,0.09325392011785684,0.09093291109947858,0.05644290640713412,0.07311651073576303,0.025167828142005792
0.04426291200784835,0.2199446026213215,0.1510225802924787,0.12932931312158255,0.09554865005055857,0.10989128819578955,0.10683173634368388,0.05792633382831077,0.06488520992690808,0.020357373611522695
0.0416811218475241,0.2221165133074885,0.1362774386716867,0.12851959281950326,0.09964636972598799,0.09999362197995598,0.11224852296960902,0.06757290596258961,0.07112388020434084,0.020820032511317154
0.038920890563496305,0.22240699839604924,0.14736700455411617,0.13048006184757727,0.0934667237539221,0.08730170166056586,0.1131288315931132,0.07883852563613704,0.06056279540601677,0.02752646658900954
0.049272794332800386,0.27679768331344107,0.12482581999442909,0.11669126137730981,0.103776338234239,0.09490506493786977,0.0765046634286607,0.07351398036259064,0.061818704308284275,0.02189368971038094
0.04312802433160059,0.2504055723355387,0.145581142242714,0.11171651918103531,0.10309200130194347,0.08615151770092072,0.08289906812014686,0.08163277227246749,0.0701136297966206,0.0252797527170166
0.040631455746648684,0.24934985877465768,0.14034423592062084,0.1356037164865277,0.09840130527074986,0.09864594225838058,0.08481833268108563,0.06558251082432234,0.06331732635604508,0.023305315680965322
0.04322421605092551,0.23222424679538517,0.14644897833325113,0.11493293785548961,0.1001965763336279,0.10491129130741896,0.10161950761080374,0.05869160388217664,0.07004035255613938,0.027710289274787296
0.04039055902344402,0.22386497134744224,0.14721045318630713,0.13957026954389043,0.10407363663378869,0.09848360214684729,0.1007020204748136,0.06364313848987209,0.05825306560101379,0.023808283552584866
0.04120176187864831,0.2441343877302993,0.12010987939034766,0.12187692940410866,0.13509579678580622,0.092801642602901,0.08865200449798816,0.0704402721958875,0.06079937079948029,0.024887954714539057
0.0395692128855523,0.2302621527758308,0.13451418048809075,0.12181563334364515,0.10821682548982692,0.09192169999059217,0.09556262858471895,0.0691897646160714,0.0787080063683504,0.03023989545732602
0.045376403517861416,0.2257730328715291,0.13350923297908515,0.12135626782006659,0.09742878078104439,0.0933131804065412,0.1057923675069411,0.07637877266680372,0.07487516917703475,0.026196792273095935
0.047623777286109004,0.22874580118737006,0.13616529437713112,0.14354468367482476,0.09649155213631998,0.11209825897154971,0.09264349407581643,0.062123051239372486,0.05980602774804074,0.020758059303469713
0.039134289925567826,0.21045346385397024,0.13942945420786085,0.1366941055019811,0.11359691793576357,0.09012036171777604,0.09300300108837882,0.07874002124482522,0.06958450940391561,0.029243875119963226
0.042701731544837133,0.2520797597467082,0.12654027818343033,0.11832621045371111,0.09618923611584332,0.0964035421527654,0.09850109138441496,0.08080646363284598,0.06017752590996652,0.028274160875481246
0.04276612934904996,0.23964244159761147,0.12703380146386012,0.1200496734849068,0.0949268001284297,0.10948511650672182,0.10114100047500345,0.07201880970097788,0.06982505165701357,0.02311117563643074
0.046573783556954816,0.22622493196334512,0.14227883015710496,0.12131883743361775,0.1142515880801907,0.08895042410002718,0.09969174808973885,0.067502822041736,0.06797209173524267,0.025234942842046738
0.048697125462379795,0.22474857243961238,0.1425417132470242,0.12182773788956257,0.09354775038078719,0.09888910683801941,0.09421933976698504,0.07854851529043992,0.06429334288343909,0.03268679580175324
0.042815858269389,0.24673681626716,0.12119701149626956,0.119699845868302,0.10245797984163636,0.09369639434066178,0.0994390659899682,0.07833087352584238,0.06924249306645722,0.02638366133431608
0.04270004706432765,0.24739939813587336,0.12717289170467289,0.11871601473453652,0.09275072768109262,0.10979740193576462,0.10274405631430714,0.0758384728451904,0.059698874452373034,0.023182115131864262
0.058115871924507304,0.2278686645505575,0.1384592620100586,0.12120260374271855,0.10953773820208301,0.08825235902825332,0.10765149863532303,0.06171708458084486,0.059867947073522186,0.0273269702521362
0.03750478980322944,0.24312769699570366,0.14706114819856314,0.12286852068895956,0.09790284625487894,0.09740295342066006,0.0895763638055839,0.0720030046383801,0.07343183437414612,0.019120841819898295
0.0414700705548705,0.25112685897316467,0.13598084550716197,0.13485297764013102,0.09008951913759203,0.09309555201753678,0.08211418242744238,0.08056822488763217,0.06277538082506748,0.027926388029405756
0.042425939113633855,0.24743703796274216,0.11877995692102995,0.13688605597452977,0.10513489753234892,0.09692664433647798,0.0989671149313489,0.07034281193039396,0.058331461313936836,0.024768079983562494
0.048417389668109025,0.23373434726447326,0.13309969645945932,0.1354932182428402,0.09300562322157016,0.10660764626192418,0.09259574779256602,0.07813129436953932,0.058904611657171785,0.020010425062349048
0.039277252708230445,0.2476350845855787,0.12046243435572328,0.13632908612414874,0.11269158171148669,0.11493960332623973,0.08245578007096141,0.06639330260699522,0.058812286652590695,0.021003587858049785
0.04701837425799277,0.2498185237809818,0.14893663633657012,0.12828140425666365,0.11148148084937595,0.09511670867731808,0.08590812844580199,0.055714633145260935,0.05460714971038187,0.02311696053965672
0.04743828745716587,0.23661625271074033,0.12949811559365426,0.12170017271765722,0.10623756081530185,0.10992035438756692,0.09355268944689349,0.07246841261607634,0.05780878621592472,0.02475936803902243
0.03723662328338963,0.24803234556011894,0.13776998068603588,0.11320195535771148,0.09693346789917458,0.09648478304628832,0.10815100285206343,0.07231656981296959,0.06341072337673427,0.0264625481255191
0.04492932405821395,0.23807683894698986,0.1223008963305653,0.1100123713144991,0.10804862069022111,0.11326507588706722,0.09549243819604063,0.0614375974893829,0.0782127847884491,0.028224052298576184
0.04150348602550219,0.23766455049499954,0.1308049564950962,0.13688722954460023,0.09653946579757451,0.09148059136003714,0.09927692540565686,0.07330778816850421,0.06459733255569614,0.02793767415233735
0.04492846612608188,0.2564309931291961,0.14692432177838927,0.11949100950708309,0.09699299289344358,0.10153337099621514,0.08883568730897734,0.06448672572674721,0.055574870849165015,0.024801561684705143
0.041729351561924866,0.23967759900119542,0.15018393197942473,0.12308937319271065,0.08909783186202704,0.11264738957268347,0.09798050846332929,0.06335751185046139,0.055986131466236544,0.026250371050011625
0.05036379902948831,0.23658908627699995,0.11522762443636242,0.12465576459557262,0.10159323713711342,0.11201526448773191,0.09082366754417408,0.0837546849873335,0.0639485742520657,0.021028297253162756
0.047665056773551,0.23696131583622038,0.12089357971813354,0.12525368968969824,0.09593463559918264,0.10248686477466769,0.10346111425716997,0.06972647231353923,0.07279200779305214,0.02482526324478861
0.04851099206964716,0.22513554099227132,0.1323951396334833,0.11884620129360285,0.1073840592136418,0.12280542328363622,0.08509575031872063,0.0746730292562921,0.058594838197826384,0.026559025740881495
0.039745908965487325,0.24706838651499463,0.138537967102378,0.14029924622810508,0.07834539763654358,0.09551979857670918,0.10488566651624161,0.07308350733520697,0.057040123388922115,0.025473997735417985
0.043326923176022956,0.221512243464478,0.1387910220432734,0.12538664006427924,0.11227451327173217,0.0960263755112935,0.09251447841634837,0.06567753003369255,0.07644799907441588,0.028042274944466487
0.04755648637702242,0.2235814700397733,0.1420322376600128,0.12150386987356523,0.09358224305627284,0.09516340436434352,0.09990980841730918,0.07316760156646529,0.08206634913192738,0.021436529513315438
0.048733033341024794,0.24199447344432112,0.12871123185313582,0.11028186210238738,0.10833877453022417,0.09834385540762107,0.09530909370519315,0.07307141086620626,0.06379566508226828,0.0314205996676243
0.03907919842041785,0.22391103952743477,0.13270362098850952,0.12734703592641394,0.10901265001449702,0.10176382709272222,0.086691383054585,0.07835549905638896,0.07748240510078495,0.02365334081825011
0.04397563293766412,0.27126763727150277,0.1302537032213816,0.10632998162905885,0.10635669926484638,0.09556052211266008,0.0845919508192578,0.0712817439084426,0.06362373712181567,0.026758391713376406
0.03993820145283219,0.23618923314265325,0.12472249887929694,0.13493989738717724,0.11506011494130614,0.10424244045570952,0.09024333431272094,0.07357449781152198,0.0576706348472101,0.023419146769575707
0.04224922360208615,0.27665100046709745,0.134955572255462,0.1173036806919058,0.10456852295246723,0.08335296310534634,0.08864249593293788,0.06662458471290757,0.06132634016280521,0.024325616116989718
0.041991226810515474,0.23468775158221725,0.12650818478753717,0.12514130076136232,0.10606053162296306,0.10943201575101107,0.09875159959450189,0.0645542199831744,0.06576738135455838,0.027105787752162793
0.04397205308317393,0.22064032294784497,0.13141293270057142,0.14925466585777306,0.10486508840054744,0.09468133938898622,0.08751107279378932,0.07592633685778755,0.061364047540539354,0.0303721404289898
0.046174286652253295,0.24874724724490557,0.13002020151030858,0.13130534470880056,0.08999733238702123,0.09653512208629346,0.09811167015700324,0.07003447631302165,0.061912766868442284,0.027161552071955593
0.046134141264718966,0.24146120362043338,0.1380685350132304,0.1321533142639242,0.09966646924414709,0.10568973942034816,0.0816480103902493,0.06659204121794748,0.06535248356208466,0.023234062002918953
0.05161006737119974,0.2036703718581821,0.12896659766734128,0.11217929018887567,0.10877284895639011,0.10716683720339282,0.11334071856516903,0.08334241469732352,0.061199020199203764,0.029751833292923947
0.04186915045689217,0.2311257174540779,0.13242558225029116,0.13626395766497998,0.10938467934146501,0.09714964307255049,0.08265771355362853,0.06875298660851949,0.06410579901464449,0.03626477058295381
0.043369913640562,0.22294420021904604,0.15119919531853643,0.10594641214825248,0.11958743300762228,0.09283975427914057,0.10273530334417717,0.07529205606783416,0.05796718195040934,0.028118550024422675
0.04555402494902805,0.2440616254004708,0.14108932927383547,0.12282892216772304,0.09431614871202346,0.10166013301167376,0.0888067675999767,0.07406795844979841,0.06020645584507751,0.027408634590397527
0.04286414507041366,0.24955097406970025,0.1466936903849739,0.10276483517349995,0.09545331640940455,0.09580988902871727,0.09900995100455266,0.07886027270977362,0.0642555126482652,0.024737413500701275
0.04210918855042675,0.25137490316057653,0.1407881140361948,0.11642097613122954,0.0966757603677595,0.08747419342280358,0.10097868546206437,0.07440983507611623,0.06402298973589819,0.02574535405693406
0.04539845292679825,0.22436081129936608,0.1409996270559485,0.11750552265107143,0.10016376966314647,0.09403670413648467,0.10962665605516793,0.0671802772774074,0.07759124712545099,0.023136931809162493
0.04103326625051802,0.2438583821411392,0.12492663463110266,0.11543364053469052,0.11054060925103727,0.09075918280588495,0.10078581475227746,0.07141841345433007,0.07159482500050292,0.02964923117852095
0.04199009921515098,0.2383050953210934,0.15546292819534893,0.11837380776297436,0.10323307931715296,0.10400993280997746,0.0880477163624085,0.06009099652602703,0.06613425633309195,0.024352088156778414
0.04430279091861058,0.2438826560407985,0.14515376644898317,0.13718806317105925,0.09408897941592748,0.08242880202711755,0.10447205171799769,0.06730510609956317,0.05990135846459049,0.02127642569535718
0.04782942110842,0.2188244033904642,0.140693374183531,0.13273726446455944,0.08693410730837164,0.12091838740434618,0.09293749486572334,0.07000361443423829,0.06739630966696065,0.021725623173390215
0.04442389471982418,0.21998853616654104,0.12988415929191782,0.13069201706717232,0.10248553239327145,0.10684892664401043,0.10390296503822899,0.06437379783780163,0.07218753396001769,0.025212636881218768
0.04112594466639306,0.2584340972980316,0.13365586936561846,0.11937273699301917,0.09553087135627164,0.10042808865228439,0.08910820678244671,0.07285605600975742,0.061354140464646434,0.02813398841153849
0.0444533372521344,0.2599550593566899,0.14269164809544763,0.11324807939046135,0.09896358101409627,0.08504947488283503,0.08958747827798065,0.07742870434449116,0.06646696215280788,0.022155675233059863
0.04501783910088973,0.23971028617694787,0.13614716819731645,0.14238977766701516,0.09479443460810548,0.09302167569333859,0.09723251718686728,0.05818200733275538,0.06599798300138757,0.02750631103538271
0.04633911881600906,0.22930206269470207,0.12653452790406094,0.11003245018619225,0.10757480569431754,0.11200561373436724,0.09455363690690773,0.07598198443366075,0.07470265896162342,0.02297314066816266
0.04565186507026615,0.24724223143309482,0.1331317900000565,0.11919835481336846,0.10001767542290621,0.10775367347670001,0.08172139581105875,0.05657045258873511,0.07859513809624474,0.03011742328757352
0.04769574370576709,0.23096869494059233,0.14390606459369046,0.1333359351122142,0.08828174521538919,0.10532275994571848,0.0789331946265724,0.07459801072504543,0.06858177537741188,0.028376075757600087
0.04253787358019364,0.2235017886586611,0.13784866932056292,0.1310817364102037,0.10926217562832193,0.1018926487086787,0.10233679942094484,0.06309122289741027,0.06641659386758374,0.02203049150744473
0.04361009529041866,0.22387653615995318,0.12969590693141572,0.1341643517257135,0.10664380130791991,0.10935202255668168,0.08205849516490976,0.07461840098302602,0.06847158335784426,0.027508806522122578
0.04162064168295985,0.23519056584765194,0.14577922222673592,0.12070299106311398,0.11150858317220788,0.0954308579066867,0.0984351123037844,0.06832962985194388,0.05886165379506324,0.024140742149855385
0.038184888002297676,0.2379190285555613,0.12663758410558346,0.12295399476941465,0.10282753782783371,0.09699974782951187,0.08808010409263493,0.06146845033754101,0.09326232408712573,0.03166634039250048
0.04290146622141469,0.2324221266762168,0.14435358520312233,0.12380997805354023,0.09225383682942417,0.1136579423687101,0.09568906191495091,0.0687220899410783,0.06316275377856578,0.023027159012981028
0.04259215978258352,0.2217665653849622,0.13434989577760573,0.13040781622855488,0.09417550118192483,0.10980712153173514,0.0936345081301446,0.07103741154026572,0.07608007502158842,0.026148945420640887
0.04023761447341931,0.24896858837000296,0.1347249827703441,0.12515334940305223,0.09405049698470212,0.11004120397621253,0.094610717711532,0.06469845250385452,0.06297431502388291,0.024540278783001454
0.04370207239319573,0.23974873254489862,0.13285740269621152,0.1277054235144475,0.09616921468423084,0.11323447185515086,0.10558519069835755,0.05742825610735929,0.060079554489926926,0.02348968101622693
0.04201989268475077,0.2384370487584612,0.13271136622169732,0.13810553695372124,0.09650813141711008,0.10686628273502388,0.0867383685054236,0.0705408187394756,0.06523964103173369,0.022832912952606966
0.04282059278930447,0.2581029241452447,0.13387026953359774,0.11180352399796795,0.11898494503915003,0.0801910864547974,0.08980691590286033,0.07256915164288784,0.06383230375361691,0.028018286740577557
0.05129459298748847,0.28285844377143193,0.10359933811142842,0.11252494214658525,0.10575337446669618,0.09944927547081156,0.09433853781636566,0.05636384168478842,0.062241215259171215,0.031576438285235126
0.048748593234596835,0.2332145959541181,0.13082001805982604,0.12980966004082486,0.0994470375132085,0.10279372410723966,0.09819700606942976,0.07047413859526293,0.06209798981073134,0.02439723661476625
0.046541070858779586,0.2201966315055399,0.13648470517412964,0.1290332903632388,0.10049773218546194,0.10795329856843798,0.09041145397976542,0.07767972728526078,0.06617095449543739,0.025031135583950294
0.042780526906298355,0.2579892290121679,0.14836751100742362,0.1154671948723937,0.10558919208767115,0.09446487450947874,0.09480695493159631,0.06370744137845152,0.05571831129407306,0.021108764000449774
0.04445487725396076,0.24217933966349012,0.12812143727098066,0.12919636519107247,0.09028006280034141,0.1102365117290667,0.10037357527673413,0.06381071292465189,0.06494293278547703,0.026404185104226395
0.043208006009002285,0.2284062171506393,0.1338174199931679,0.11437746929004981,0.10463784289706889,0.09474876442445232,0.11804987427341906,0.08605905461109534,0.05436564615620817,0.02232970519490308
0.047321706598373994,0.20726279719702168,0.139922152763853,0.12052228709632187,0.10693196700560749,0.12322029563986825,0.10153198965735537,0.07014963175883869,0.05682142887017283,0.026315743412592053
0.04387626666149874,0.24284128921771742,0.13376561788872338,0.1289669736727947,0.08043212821808787,0.1145377331269909,0.09382842174360571,0.06890360848432842,0.06199231083708489,0.030855650149172027
0.04278276442565585,0.2442406421692134,0.12188885019865663,0.12025068785151019,0.10214890266348887,0.09407796003179643,0.09125391659265078,0.08629936052243607,0.0708334917357869,0.0262234238088105
0.04433809229551466,0.23269389473955032,0.14199741034758895,0.10583330671682231,0.1198729972649298,0.10454843784738592,0.09238395654453548,0.06475286631820379,0.0684593433314406,0.025119694594029577
0.042064386713435646,0.2527554103556351,0.12550137252968516,0.1200450319660598,0.10315253668112921,0.09392203633233444,0.10002146150251749,0.071929395074603,0.06604502268201906,0.024563346162585143
0.0447731043486735,0.24457078436753585,0.13733915161271998,0.113450026796067,0.10995678802190897,0.09409127736085278,0.10364485290854651,0.06230407181571923,0.06666118071038839,0.023208762057592747
0.03845467518202371,0.25013063547613135,0.13961835151444596,0.11343099406027272,0.10728541248677342,0.10041979111962271,0.10047567391366614,0.0675266217075826,0.05864809407156101,0.024009750467924133
0.04257649254552784,0.2260584640558672,0.13303770930891098,0.10973868042822311,0.11048662561390009,0.10077193510138027,0.10552502730020624,0.07247851907391367,0.068273963369089,0.031052583202985283
0.04011658714972381,0.23811124882363865,0.1534984908600708,0.11231229694431796,0.09181390103895427,0.11737681575395185,0.08119510764170716,0.07599268656533392,0.06536934285883343,0.024213522363471525
0.04335408157917692,0.2379745977270497,0.14623529996713777,0.1457119041712085,0.08088848015058811,0.10105406508039705,0.08686961253955938,0.07378372860973832,0.06222092458065672,0.021907305594492023
0.045783108077244505,0.2434783725586292,0.1251220503220425,0.11616425487266964,0.11461520065259975,0.09774755428231195,0.091145555435817,0.07107041269586119,0.06678993290653035,0.028083558196296772
0.04883655492782216,0.2503485346389364,0.13764720371129105,0.1131254771654876,0.08957006463768664,0.10135632685175767,0.10527652763381881,0.06788209370121297,0.06268337370523477,0.02327384302675813
0.04176541972761092,0.22784905782211165,0.14031834893476838,0.13181788791857554,0.11972859432589923,0.10517127686207806,0.08616754147451847,0.06160171252220022,0.05968857711664026,0.0258915832956037
0.0485584788816365,0.22721240058053338,0.14408594799484634,0.12761784178200788,0.09383618164668711,0.09145987004299908,0.099166722456996,0.07380350273442558,0.06711356641696316,0.027145487462908905
0.045381742619026194,0.21936927020559102,0.13169210587946728,0.1341689114913798,0.0947543346083524,0.11044387447582586,0.10596087084056643,0.07088867125651634,0.06517799074218954,0.02216222788108959
0.040728992119847915,0.2624197400692003,0.13430884099642032,0.11502986910801954,0.09530661979458581,0.10176905099883116,0.10964466869395488,0.05937868570239273,0.05591523278040093,0.025498299736350316
0.0461456767763175,0.23025339614593396,0.14008499903864793,0.12345025901092993,0.10059591397960913,0.10039621701059656,0.08119671300870439,0.07476152724563671,0.07401975707595046,0.029095540707678058
0.04032804918707555,0.2535760116432737,0.12409302780329011,0.10728680271498814,0.11144048708093227,0.1026235745252261,0.08259004945618204,0.09038083969749035,0.06454343705683509,0.02313772083471307
0.04274173318898766,0.24849538500306034,0.1425383398892986,0.12095667794778536,0.10908238049850917,0.09214769696968471,0.0856026145897243,0.06288430145143488,0.06955941925701374,0.025991451204504835
0.04359524734591474,0.24754918451725264,0.14986536765257427,0.11523229564635075,0.08677213998571867,0.09513914869154405,0.09151852942719839,0.06136394670625291,0.08140500799983087,0.02755913202736648
0.0408005542048109,0.21695391008200296,0.12319827034180376,0.13760969209226584,0.10101730136381348,0.10660724830252376,0.10601088570496646,0.06560037100870068,0.07383668507795742,0.02836508182115817
0.04115866583197949,0.2601069673597006,0.14293964318584054,0.11689081407837192,0.09135084126660117,0.09977384953667186,0.08917336672592907,0.06843267757525202,0.061319832840936866,0.028853341598720803
0.03891283854144741,0.23739741961669172,0.14819556969018288,0.12212450226551655,0.09432938064955981,0.10248847216844052,0.0908159274022609,0.07013760441414556,0.06473536924576512,0.030862916005995143
0.03757855570898295,0.26165336759114843,0.1410362238648005,0.11237099083108297,0.09516838300703909,0.09528005894503158,0.09740181781443545,0.07803835407148095,0.06070416292235337,0.020768085243647663
0.04732739439983859,0.223097954123672,0.15275993654159042,0.11840674795733798,0.1043101757420884,0.10150087764242718,0.09163151948317887,0.06904042428237202,0.07071552954595177,0.021209440281546907
0.03690180656023285,0.2382841408629907,0.11883866122468918,0.12921701774654318,0.1141460770726832,0.1064661811919206,0.09183286376196684,0.07758864975421029,0.06405637929735275,0.02266822252741673
0.044681227184606355,0.2544808716432539,0.11377689053247572,0.13049955519815576,0.09919895874714608,0.10243801913373637,0.0897308651573368,0.07188268788916112,0.0652765207591987,0.028034403754934527
0.04371361461011223,0.23267913925709424,0.1404114159828365,0.12331663564603529,0.09997074565735865,0.08150444234023321,0.1161290530108117,0.06334669597303876,0.0716700348096255,0.027258222712857664
0.042859752086917835,0.21218962550155818,0.11848256780068603,0.13651019385524749,0.09968281323102572,0.11551022820008515,0.11130321819718084,0.06678588121838949,0.07418979510500648,0.02248592480390839
0.04088837380893991,0.234670768125663,0.13782876385884674,0.11023613347824905,0.10855302486436547,0.12281651111677841,0.09639003756410996,0.06300237462261302,0.05791476092567346,0.027699251634763954
0.042865953556380273,0.22166871273043298,0.15803497015917706,0.12787987951885899,0.0981201065421914,0.10299434844567673,0.1033897798106502,0.05853706411510579,0.06394092836378258,0.022568256757746923
0.04181421100591385,0.2301293380220838,0.14492994814540464,0.13520135216051177,0.09183329796587934,0.10687411914185833,0.08280108242095954,0.06773973505925579,0.06973547192504942,0.028941444153090766
0.03997736981275053,0.23263832253569836,0.12724717986584905,0.12286293946028366,0.08952777337234068,0.10535328466446292,0.1084357095466791,0.07719560965875803,0.06845359252323505,0.028308218559947113
0.04299541177976206,0.26123436607554834,0.13606550942305445,0.11633814664260399,0.0982813598268441,0.09079338475697941,0.09796611288002997,0.06548152438823607,0.06448940245628362,0.026354781770662913
0.04119350680683027,0.23151854097248234,0.1481374293155756,0.12472040935546277,0.10612498022110337,0.10476339580300004,0.08502570643815727,0.06859529990263655,0.06856836965437868,0.021352361530375792
0.04311653970483057,0.24705890211727785,0.12218541637819808,0.11974560549281713,0.09409144484884496,0.10582938173096429,0.099756306305691,0.08051622768125911,0.06522910853898502,0.022471067201137097
0.043511212690387505,0.2571968733261645,0.14913406734525375,0.11350742000749738,0.10650167739291329,0.08998783647802067,0.09119676836925347,0.06238413677148075,0.06441769964931056,0.02216230796972173
0.04382485658296274,0.2374540528964401,0.1376484609565945,0.13678061168037667,0.10063763466051205,0.0906403125432638,0.09592761337430698,0.07822412200146384,0.05198907147273868,0.026873263831344446
0.04456960222588329,0.24714832490793012,0.13289104814698688,0.12478886290791134,0.11502366846376243,0.07980501768818292,0.09775718612734038,0.06535151519761813,0.07047536061824139,0.022189413716145565
0.04151984135187493,0.2383849107380291,0.13888674314161248,0.12022329180338527,0.11154000687363419,0.10131738944401258,0.08358781704712548,0.07822708466816868,0.06794230757135199,0.018370607360809227
0.04314030650564644,0.2426828887017004,0.14118345134697116,0.11846861080141752,0.10698111806289558,0.10358592923489798,0.0899589521980684,0.0679790167917271,0.06201482904702063,0.024004897309657332
0.04351558581360577,0.23109631008423465,0.1542270732188099,0.11284451532339652,0.09831202425320901,0.10018244756206027,0.10322377284153043,0.06748508396797466,0.06736639544086645,0.021746791494314487
0.04254217587452329,0.254009185181199,0.1203028201177997,0.10680321806451017,0.1060979514082459,0.10732209758313857,0.08577288708948087,0.08735063898874192,0.0642442164532039,0.025554809239160602
0.04124043770184193,0.23682987889728105,0.13645110184231848,0.11808137051465223,0.1000597780151478,0.11056595169810528,0.08817573786647467,0.07334761084074987,0.06705843157720448,0.02818970104622992
0.04340125894996114,0.25306260113372103,0.1271583580194461,0.13307338332393345,0.09356963536288906,0.09420709195111068,0.09507911686755119,0.07177563660784865,0.0644001366312552,0.02427278115228815
0.041822758764808884,0.20884719644940328,0.15865728542148827,0.12212947699695464,0.09051848633122993,0.10561941660145995,0.09856644332621538,0.07643383003681943,0.06942661362529887,0.027978492446327205
0.04383302813304253,0.24335795340915306,0.135462307469945,0.12398697441895784,0.0962866742379199,0.10167362840935015,0.09759269175680323,0.06518754725685548,0.0637891281347681,0.028830066773210983
0.0436696988763346,0.2540007350261296,0.1175039323619108,0.12006291089099068,0.10620260940304936,0.10570955873620216,0.09019389264115765,0.06689385769779127,0.06522160807463157,0.03054119629180684
0.04809199686079197,0.2653648626416437,0.1270268046595861,0.12153775862781192,0.09339237275526563,0.08891354744354456,0.09386781065893285,0.08502420976498426,0.05646576063705779,0.020314875950386346
0.0402131057058003,0.2665480265164206,0.1357965418952262,0.10498934961973966,0.11133343045718673,0.09020660754254453,0.09788054301977991,0.07535865939855145,0.05310619262566333,0.024567543219090344
0.043454594674715026,0.2257328238709576,0.14087385813643413,0.11902660487019086,0.11054038159583196,0.10559131910715634,0.08899853685509614,0.07339405465873029,0.06610779420400975,0.02628003202688203
0.036014018755049185,0.2481566040159908,0.14099248770606143,0.11880803973356184,0.08858861283869134,0.10699790526598732,0.11325464818275412,0.057496703744766176,0.059457681459285885,0.030233298297854257
0.04252179090812847,0.20021382900771195,0.1647349596033024,0.1343396890100531,0.09521302208854486,0.10457968936362776,0.09112123821109681,0.07615417954730529,0.06555513803764766,0.025566464222586675
0.03746047774624832,0.2665452257870044,0.1385278816467188,0.1143600164022738,0.106961585953123,0.09564495923649026,0.08760392691671141,0.0661827394174536,0.06044954265045619,0.026263644243523537
0.044244829267846716,0.2538847108981055,0.12396087359577719,0.1130711277659328,0.10585392341239681,0.10614961566406923,0.09187934317619707,0.07094797838136405,0.06385582785866195,0.02615176997964982
0.04380254401270572,0.23426562286810773,0.13940198383360514,0.12382482164591095,0.10217723915804969,0.08818978509087848,0.0938380566011601,0.0632571035178631,0.08037962589587441,0.030863217375847397
0.05074199189365375,0.2142716573950989,0.14682464393742203,0.11968506046720441,0.12287368467396247,0.10039821568966754,0.08401491914668081,0.06548947811631041,0.06638501058348034,0.029315338096521686
0.03759184283167705,0.21991329245537933,0.13644815556754114,0.1291263369103169,0.1087016816953738,0.09614085226971857,0.1049094619185463,0.07615656396162,0.06233501861928665,0.02867679377054416
0.04364654560122766,0.254409151727405,0.11874409342864818,0.1427085704525282,0.09354132847368098,0.08408184483161726,0.10015074899873204,0.07137464350483756,0.06272875187640842,0.028614321104918947
0.043624021980213395,0.25182495869499943,0.11658364527962424,0.12549941161317849,0.10604355563990621,0.1007274354765941,0.09621872199913156,0.06405633886292308,0.07322112571172842,0.022200784741704723
0.04341691404413391,0.2198625128219952,0.14270772342258817,0.13984147129691937,0.09479755197164039,0.09673995297245679,0.08694888642167858,0.07472498056087715,0.07082194473164388,0.030138061756071532
0.04105001520087937,0.23716111864187056,0.14354574699283368,0.11135467682788726,0.10327135578584969,0.09715493442786312,0.09625969127512941,0.07237259571136434,0.06613219392248279,0.03169767121384352
0.047092603281690744,0.21979319230916936,0.13802996564419165,0.1339884710714549,0.09450831874988164,0.10397439936371727,0.0903628520009893,0.07375872975098073,0.07137880905787213,0.027112658770055757
0.042532432413688565,0.22514184826168399,0.12761452518171038,0.11768527581797808,0.1102858051645877,0.10089882788758542,0.10933996981275,0.06404657898236463,0.07620189143896197,0.02625284503869395
0.04687861776254306,0.23274353893933428,0.15188767863416827,0.10731588130638046,0.09666010679830449,0.11804988531333835,0.10596201736336325,0.06097698407404341,0.057408101663835844,0.022117188144693906
0.04362377000508628,0.22204739606105664,0.13991085176298912,0.11920242405802188,0.11743478427038916,0.09685343587386656,0.08405091329267027,0.08486958915338408,0.06701249679294315,0.024994338729598834
0.04281750862514839,0.2720104906515856,0.13297735202942548,0.1119633237158334,0.07997659286405791,0.10129652910551908,0.0840713284136423,0.0773111686292444,0.0669266297210158,0.030649076244531268
0.04140788242499521,0.2473595338451352,0.14687325552165556,0.1248001992975143,0.10302528216257247,0.10427628996640001,0.0936286655739038,0.05532001476572769,0.061369894248029785,0.021938982194068247
0.04099447888042233,0.224107278230155,0.1331842328070736,0.15410819009107454,0.09557666493204311,0.10011152109164549,0.08270570757411082,0.063627182712885,0.0775448908719372,0.02803985280865858
0.039874052434451614,0.24041649959006295,0.12366113428976784,0.11535436811766735,0.1043311684534938,0.10750596641112468,0.10653107753472951,0.0657869251439951,0.07052458082376677,0.026014227200945615
0.04084754887356866,0.22111336903648107,0.13327612061022012,0.1275101415766267,0.10866260008188076,0.10289753444493745,0.09962384802350936,0.06782920097461984,0.06859152049164345,0.029648115886517206
0.04215636220678539,0.23275075831005212,0.12990865272457605,0.12637590934282333,0.1043956560791282,0.10456694679280779,0.10143570825229466,0.07765040844091241,0.054171889346010534,0.02658770850461367
0.048129905423917776,0.22515081921062302,0.1339112686505765,0.1140118881621798,0.10233719704694397,0.10533252154819188,0.11009300217221715,0.07047290999486003,0.06680629996354463,0.023754187826950577
0.04803276903375591,0.23815592642267006,0.1488528872393453,0.11901224128372827,0.08390684235112662,0.1009260294525557,0.10293656778979102,0.07023641077178501,0.06463717014870449,0.023303155506544014
0.050576582416149214,0.24599291466837997,0.1305457245861633,0.12814338566831543,0.09866719650937271,0.09937260139959911,0.08859170847078404,0.07190036222338073,0.0625890551391756,0.02362046891868568
0.04202312774990038,0.2220819729928237,0.1388280307778985,0.13069882044428305,0.10537424340162524,0.10922618869734553,0.0953496397167041,0.06772207433090659,0.057935976652164274,0.030759925236355828
0.04380527223211778,0.2502763696569582,0.14809061609652321,0.12999501068096672,0.10110686749184246,0.0899295216516939,0.08931465866769757,0.056047560713868655,0.0704163403137452,0.02101778249458927
0.04477935739100253,0.21914943521854122,0.1293048429423067,0.1418475517464444,0.10563974802317926,0.10777944215128699,0.10260561736442896,0.06079944191666899,0.06319690284398155,0.02489766040216281
0.03914859686440942,0.23178520900517333,0.13082402967576887,0.12807354452504688,0.12132659133337584,0.1010005008524874,0.09073568349545885,0.0657087106353394,0.06481267641624468,0.026584457196700915
0.0468293550432275,0.23396896573537432,0.1378982919628349,0.13929524934757517,0.10221651723545314,0.09196259558081749,0.08666088616941228,0.07649821608735954,0.06222600211411799,0.022443920723833995
0.0417487248993715,0.2356944605800976,0.15370278579220992,0.12725184296036668,0.10058916928716248,0.0825261736540368,0.08110570255498434,0.07011160315411337,0.0809684372035004,0.026301099914162025
0.0467013110888384,0.21990807244356958,0.14017169567539067,0.11732565568621277,0.10418783907121677,0.0995194574905854,0.106408336207351,0.07823478664075918,0.06345527532735908,0.024087570368719727
0.051484756663677404,0.22324419087545505,0.12980626856093458,0.12410902979718012,0.10920829632819921,0.09968935680640773,0.0959992191632903,0.0787534032890595,0.06324176211437475,0.02446371640142611
0.041850530524578586,0.23996722718055796,0.12480413375881987,0.10455663601613228,0.09939281019557188,0.10486853177828775,0.1157324339532408,0.06701530625256269,0.07248874275525986,0.0293236475849912
0.04567135136574864,0.24428188749608878,0.147181250172805,0.1200556022534742,0.10573102394194928,0.09016185551292784,0.08768931795600571,0.052449380737754354,0.07798245891174035,0.028795871651508907
0.04710476833289658,0.22250816507757412,0.12956058211012245,0.12058557856662128,0.1008919002014505,0.10389699710547193,0.1092878696579736,0.06815098745924766,0.0720356822078396,0.025977469280804917
0.048420634412320106,0.24341829372878795,0.11898531881723329,0.12679950352777436,0.10334246430369116,0.09372262381558462,0.10370392887762894,0.07433639419848752,0.05915265529752251,0.028118183020974706
0.039029047459183175,0.25632899618307,0.13358856191409094,0.10194101718476435,0.10099649515503015,0.10985450874304094,0.09473243386792578,0.08366100196684954,0.05698327263684337,0.022884664889205326
0.043736687409844266,0.22777452195852052,0.12836301069004405,0.13010393956484825,0.09480924022532149,0.09700069833030693,0.0919451594118221,0.06867526283233762,0.08469398991099417,0.032897489665964605
0.05124515395217186,0.22629101589451647,0.14263149671746483,0.1227361010762842,0.11113585975030525,0.09165559448294343,0.10005308976423483,0.06262149051891823,0.06743424605748319,0.024195951785682464
0.04396258634991478,0.23825110314752201,0.11925632326152208,0.12565955574561302,0.09236734665143959,0.10778118854814342,0.1027402765998928,0.07490536843645614,0.07206780191007918,0.023008449349419383
0.046892132961457646,0.24297358120691556,0.13140884523648466,0.12921392135884713,0.09865157140130493,0.10286023072883718,0.09473282599579556,0.06521367167453462,0.0634302152555009,0.02462300418032601
0.04460487375066333,0.2346301544583077,0.11874194605080625,0.12802860165531926,0.1067705602431418,0.10420364909754747,0.0976105866338746,0.08148335891369539,0.05952712303338469,0.02439914616326357
0.04737667980619571,0.2307962159903514,0.11644214857333841,0.1384850559557379,0.10163826069924868,0.11053782795030752,0.09799245415268264,0.06595686381382466,0.0673763373372585,0.02339815572106058
0.04668562542221574,0.22440538243217292,0.13327380426184796,0.10857419094979638,0.10429006324896911,0.11316136728172184,0.09814747949068856,0.08805360967714819,0.05710558216873247,0.026302895066709013
0.04557340001668968,0.2460811878817228,0.1396260953580807,0.12777911454204946,0.08803701428480999,0.10602715177609597,0.09135908176725462,0.08044186255291125,0.05192161210961382,0.023153479710773233
0.04678048769670046,0.22247390431647593,0.14701645896878585,0.12890553100618554,0.11282508210256675,0.09298085571798795,0.08883938905815082,0.06750064127693438,0.06873311708894803,0.02394453276726747
0.03979765955685834,0.23856417361742496,0.12648511161337236,0.12381692537862872,0.09163310155465583,0.10138724195504485,0.10508288987244524,0.09010700636729847,0.05920924327964732,0.023916646804628235
0.04483012105075417,0.2024425531182313,0.14477007198761874,0.1150381687273768,0.12053724353827441,0.10560578947584268,0.11065877628774506,0.061167171024663604,0.07233172047757364,0.022618384311923694
0.045884723380736125,0.21381572438078292,0.1282991530560565,0.11712351106596765,0.11871156619424908,0.1066488538666731,0.09690858758528798,0.08916639956948146,0.059702849945150155,0.02373863095561887
0.04153360562852338,0.2250311587464492,0.12728715120844786,0.10153526188544001,0.10922917006033246,0.1106971689374144,0.10488319288139565,0.06786597954653958,0.0796631132865509,0.03227419781891021
0.04224867375384409,0.2317617799274241,0.15052708729545927,0.12596356587165558,0.09230593440834911,0.09238536542362552,0.11148338277122487,0.06347896777702772,0.06054368615261256,0.02930155661878259
0.04341441261517525,0.262566966640408,0.14078460312445093,0.12122704157139941,0.08720427794942379,0.08948325269378422,0.09803579622815436,0.06992823386953369,0.054366378367961925,0.03298903693971356
0.045919168047768466,0.25374362458559196,0.12415364480770834,0.1433778318347698,0.10511492069507733,0.08856185632037038,0.07535380099134616,0.07281122041357403,0.06755601550130252,0.0234079168024952
0.047735666815920764,0.2639273103068123,0.12655852961439476,0.11852707443631741,0.09054821830503391,0.09605113837009656,0.10577235752427729,0.06499319672376128,0.05913415777822051,0.026752350125168113
0.03822671808002959,0.2544942152466849,0.11994711769825386,0.13277984151843988,0.09655394013981763,0.0971879771918102,0.09118723451297399,0.06890942911439012,0.07427057844409143,0.026442948053510662
0.04998577591322068,0.2495511787417791,0.14661319166255823,0.10981172733479615,0.09725509507581312,0.09239988779662912,0.1055442246014796,0.06145344863903991,0.06413505677236409,0.023250413462323354
0.04448386211095956,0.23679120588535685,0.15994892687801612,0.10639218995610741,0.1015307402805658,0.09818791773090314,0.0861953524540529,0.08183929909049757,0.060367808556315836,0.02426269705722955
0.04300516844394426,0.23668430591884126,0.149017864894775,0.13082828129607857,0.09642251362533792,0.10706670837505705,0.08358840864595968,0.06547766262203678,0.06242979742266434,0.025479288755311014
0.04388848789413823,0.22338688911822363,0.13026991725499465,0.12016614869658876,0.11080525349142739,0.10362651434903972,0.0993928809410279,0.07012040563636933,0.0719497331962691,0.026393769421923896
0.03976648580190582,0.264672248129141,0.11728955946814794,0.11836968452335286,0.10471721962554095,0.09141161538370082,0.09598995331713868,0.06390543804829679,0.07777941165139848,0.026098384051381585
0.042304954052885854,0.22237272537144182,0.13636166261538327,0.12916450230362772,0.11399019773085886,0.1026274997742853,0.10235848339766691,0.059248315317915544,0.0654324080689208,0.026139251367018577
0.03793032288396073,0.25325736861706555,0.15385452368906213,0.11566983567035083,0.10277945857043577,0.10742090081940346,0.08080409377667391,0.05751874224497244,0.06780304417084207,0.022961709557238003
0.044910183841232285,0.27446378460616355,0.1106125160016575,0.11459692611156176,0.10021084921489648,0.10375070147280854,0.10097028033392572,0.06475164470512745,0.06522074700703469,0.020512366705596845
0.04959130836182543,0.24041499150917164,0.1322763234319994,0.10806945929008269,0.11579594350823771,0.08761301004881367,0.09058508730611903,0.07289764372860906,0.0779200333340235,0.024836199481122208
0.042905315940100386,0.23530250534546626,0.1492443772726143,0.11950586198777863,0.09942550243001075,0.09735229271492529,0.08594441538784375,0.07966036667596499,0.06749110488912047,0.02316825735617774
